770805419
771249562
771312088
16980
771377894
771305747
771253740
770771659
771356234
771316210
771028554
771266271
771310388
771304584
770863876
771355226
771349764
771357121
771041151
771249085
771241121
771036867
770807379
771218291
771234468
771313999
770856607
771182967
771378200
771203681
770859186
771257607
771316451
771354305
771354305
771314091
771315269
771320506
771350283
771373530
770785488
770808780
771271497
771237246
770810465
771041051
771367644
771210445
771323761
771312195
771210951
771245096
771364788
771317267
771306302
771036678
771268396
770816172
770804511
771324968
770802482
771267229
771313176
770811529
771204403
771229596
770909937
771354992
770789904
771219444
771352406
771241234
771357000
771307454
771303861
771358745
770818882
771250010
771373148
771229367
771207996
771219311
771224171
771042121
771307287
771219507
771372066
771266208
771256128
771190128
771025662
771310211
771311191
771033843
771203801
771188478
770805417
770856801
771266282
771366607
771030879
771362176
771324931
771371249
771257851
771254655
770815449
770858174
771318848
770809501
771267232
771269779
9980
771378336
771367646
771315620
770873084
771234601
771384038
771225219
771256184
771318773
771373166
771371300
771324225
770767052
771355766
771208070
771228966
771324975
771372602
770783512
770807659
771351906
770738135
771377343
771315852
770728350
770808502
771373348
770805429
770819874
771372645
771039065
771251147
770782168
770872527
771224186
771211554
771211554
771252547
770819772
770857928
770817176
771371767
770739679
771312513
771264988
771253374
771240424
771305077
770805427
771205913
770680570
770814722
770859269
770859269
770856706
771363857
770805223
771193483
771266291
770857856
770809514
771370774
771371395
771324589
770859139
771267237
771257653
771357104
771359470
771269700
770802823
770740017
770813273
771239389
770671153
771270612
770806313
770805266
771319969
771310572
771271679
770808836
771253906
771205891
771251569
771267239
770782767
771041155
771224339
771201459
770805261
771353306
771204667
771225278
770856698
771196014
770863875
770818583
771203531
771323687
770800781
771304937
770856624
771217412
770859275
771358464
771249768
770783545
771317035
771209745
770808107
771308675
770783685
771310807
771305730
771354678
770795974
771372054
770805752
771371567
771320475
771245727
770805190
771245727
771267241
771360901
771203480
771355830
771316830
771311703
771260576
771260576
770808106
771251499
771202932
771251499
771202932
770807431
771315918
771245718
770816906
771205892
771359312
771359312
771325165
770806388
771355228
771204354
771207918
771351727
771375707
771224338
770858012
770814359
771359313
771365598
770818475
771356653
770813310
770857925
770805388
770797691
771317257
771307272
771354125
771235149
771315558
771271133
770673035
771356470
771363451
771356817
771249677
771267600
771269520
771267600
771350422
771264989
770860526
771356224
770818424
771247182
770818404
771271557
770809925
771382566
771267577
771267577
771246668
770873459
770816173
771238535
771354750
771202196
771253805
770808845
771353296
771307095
770683156
770679603
771242344
771266667
770860166
770814723
770813276
771256839
771315440
771371770
771205894
770815677
771204685
771321655
771367687
771208131
771217537
771028776
770801768
770856799
771246543
770856799
771246543
771324998
771253969
771249550
770809279
771354484
771354484
771354561
771241227
771256131
770810640
770808815
771377991
771319941
771201075
771366098
771249718
771242069
770807381
770807381
771371948
771225175
770808364
771360861
771242219
771360861
771243948
771218243
771353858
771205997
770819639
770677993
770783634
770805910
771267074
770809280
771267074
771325419
771311818
770808129
771356801
770808459
771041144
771353125
771091481
771315443
771225176
770858176
770804183
770808794
770687943
770672991
771362200
771202905
771354099
771311819
771254142
771355185
771379440
771253563
771325005
771271080
771305184
771355766
770805757
771324950
770806332
771307288
771234470
770863872
771224175
771265551
771316384
771306082
770856061
771351022
771313213
770687008
771366812
770858014
771253858
771315789
771352288
771041149
771352288
771369273
770813651
770805428
771363700
771351740
771028554
771240777
771201460
771356815
771040382
770782733
771040382
770860109
771203827
771041418
771242341
770817666
771040507
770874975
771229224
771307235
770782173
771372027
771040030
770795292
771257268
771352886
771323626
771041816
771270981
771021197
771030924
771313084
771243728
771237305
771221511
771321662
770805418
771325708
771200415
771322701
771321870
771351912
771365264
771356920
771262796
770800493
771217285
770800493
771269097
771309897
770807485
770855394
771224025
771314594
771205893
770814193
771249559
771314857
771189410
771360997
770802613
771360997
771369126
771090722
771325750
771267882
771249555
771361033
771325470
771237316
771237317
770859300
771322809
771260607
771356045
770801433
771256250
771200723
771386515
771220874
770805421
771042281
771351024
771209622
771229930
771202934
771228967
770866453
771217412
771354690
771306559
771303570
771265646
770786150
771313870
770786150
771313870
771313870
771359639
771302903
771244758
771210952
771372758
770809889
771260121
771225277
770789898
771323407
770820013
771249148
770805426
770802078
770817885
770820337
771371920
771199080
771035497
771315525
771257449
770816444
771040664
770790557
770819590
770730957
771319645
770866920
770784236
770805260
771372963
770858615
770814003
770858011
770681055
771367765
771269056
771359693
770673482
771361154
771224180
770809264
771036677
770682079
771210951
770685374
770807514
771230088
771223853
771271759
771356130
770807377
771186945
770863869
770815615
771323408
770856056
771371772
770810564
771360863
771266125
770814361
770672158
771306017
771209066
771306017
771206971
771041046
771200179
771268706
771367659
771242005
771304593
771313372
770678819
771241229
771351626
770807574
771164930
771225052
771269025
770814362
770873458
770740154
771321641
770805424
770806535
771041419
770791955
770688140
771324948
770802477
770686296
770809186
771040308
771357481
771229793
771242437
771373910
771189939
771253439
771039394
771238418
771238418
771202906
771242131
770808366
770799466
771223474
771169232
771217266
771259412
770810774
770859180
771321700
770812767
770874914
771219504
771355253
771311994
771308254
771253836
770807841
771087228
771105127
771374578
771349839
770856608
771380953
771271279
771225438
771305170
771266140
771304322
770800234
770812758
771312792
771245005
770817089
771248108
771245728
771371895
770805763
771258769
771362204
771319570
771320125
771240268
770783567
771372270
771206468
771308621
771205887
771303322
770806353
771242439
770809484
771373980
770816443
771304691
771211175
771235120
771366608
771269751
771363497
770808087
771307730
770874913
771220639
771266643
771364044
771242305
771257655
771228631
771240423
770790947
770788767
771262666
771265738
770856621
771315645
771272346
770805263
771257656
770800141
771375930
771315948
771357237
770675849
771221510
770855546
771308226
771312196
771359012
771359012
771244799
770856682
771225487
771242147
770815700
770817667
771205854
770682648
771325045
770671910
770866454
771318590
771202145
771205884
771228969
771228969
771314362
771305215
770810237
771269968
771314091
771246669
770814698
771040803
770810954
771197786
770809805
770805265
771253814
770805425
771354617
770858177
770683095
770860164
771380366
771372055
771390795
771372055
771259543
770820295
771039609
770808781
770814773
770740143
770816172
771235030
771202904
770856680
771267761
771320491
770858015
771305205
771305205
771229644
771041147
771371589
770800465
770803774
771265601
771237264
771246245
770802478
771362833
771272475
771349837
771312605
771313374
771303199
771308231
771242218
771218288
770893918
771266240
770893918
771218288
771266240
770808469
771372109
771208745
771253815
770805753
770798687
771025840
771241054
771388398
771318858
16980
770771666
770922865
770782775
770807411
771266704
770816170
770819741
771265529
771383243
771246678
771271681
771247934
770810558
770805765
771355227
771251632
771208380
770682073
771201645
771351766
770810590
771266237
770681152
771305509
771305539
771228633
771040732
771253886
686049251
771259549
770680844
771203481
770859336
771266233
771316320
771218292
770808446
770813470
771240893
771351387
771366740
770690957
771037147
771323012
771224754
771174105
770820049
771264531
770682093
771202391
770820213
771036679
771312977
771202039
771190753
771253882
770733841
771371934
771253882
771371934
771312246
771309696
770814671
771324297
771309696
770814671
771324297
771361163
770871631
771035609
770858173
770873766
771040546
771324947
770805422
771041011
770799687
771253593
771305392
770682020
771224184
771249650
771257666
770803979
432512411
771042123
771355411
770678818
771236465
771191433
771265737
770783497
771247162
771315389
771359339
771013150
770681977
770810295
770681094
770771659
771249926
771249926
771266277
771202361
770872671
771377197
771041154
771361478
770860714
771241143
771267265
770805262
771188157
771386174
771252912
771325911
771368209
771324692
771319208
771313129
771225768
770808885
771270972
770804147
771323152
771324789
770856804
771218290
771350092
771315015
771271571
770785486
771324197
771380165
771258806
771312853
771372059
771041150
771359569
770671153
770681824
771224090
771312085
771312656
771324694
770805222
770818015
771041731
771204356
771236985
771240536
771035581
771219982
771041141
770817239
771257098
771040757
771373027
770805751
770815529
771351665
771313085
771238417
770802244
771320888
771238417
771320888
770815592
771249422
771357456
771318063
770853191
771365948
771325416
770671941
771243242
771375186
771385608
770810665
770805320
770854178
770812585
771202144
771365263
770798723
771354991
771312437
771362021
771323481
771040112
771240552
770802381
771225487
770678817
771251235
771225872
771229644
771311818
770866920
771372032
771254143
771095631
771268395
771323314
771308691
771205918
771372035
770675766
771181360
771315407
771247145
770817002
771205845
771205845
771359009
771190618
771312088
771250004
771250004
771377587
771234469
771035391
771372271
771312396
771266109
771318588
770863967
771265550
771308218
771353053
771266110
771241349
770815795
771353029
770813677
770819676
770871812
770863805
770816664
770805417
770874813
771321134
771321134
770808365
771249652
771349768
771305753
771323742
771021934
771210690
771017189
771306273
771193269
771210038
770818088
771048869
771252920
771225600
771206753
771349837
771022182
770805346
771323155
771312512
771204295
770873457
771376214
771354446
770856643
771250062
771371852
771268453
771252707
770816171
771355832
771247910
770872894
770771661
771230011
771219076
771361569
771354614
771322400
771358674
771358674
771244110
771266152
771352963
771326208
771253894
771271199
771228995
771041142
770813870
771312867
770768030
770856398
771308687
771221507
771255623
771371889
771320504
771204355
771174272
770672987
771251238
771251238
770857927
770796548
771323738
770807290
771319894
770810632
770805051
771311619
771366367
771202933
771092231
770799721
770874812
771314819
771035591
771362670
771371287
770814363
770793166
770816539
771317918
771204351
771218289
771306296
770808479
771249885
771378044
771360241
771324097
770805055
770872129
771363413
771305721
770768653
771193517
771303963
771221353
771253824
771266128
770783489
770682599
771360579
771241235
771358910
771358910
771225336
771324804
771243297
771303549
771351531
771206861
770783549
771247277
771247277
771304603
771256442
771363015
771223851
771240265
770806389
771315413
770794511
771387806
771190127
770792906
771325063
771210691
770672122
771242306
771323313
771269858
771223136
770816008
770785471
771268582
770860165
771235150
771372255
771360552
771362044
770863877
771253877
771027996
771362049
770814364
771322544
771325051
770805766
770810534
771350405
771201458
771360163
771252557
771373844
771372796
771372795
770856020
770816316
771354227
771249781
770814365
771211555
771041783
771238285
770857926
771204250
771325072
771040733
771203062
771242470
771225813
771318592
771266420
771313128
771203479
771242835
771203532
770801761
771355196
770802327
771244204
771371883
771307102
770805268
771366595
771326152
771379871
771380948
770816905
770802956
771224337
771379135
771362751
771406270
770809072
771028952
771041148
770856649
771362775
771357153
771252918
770806337
770785616
771208374
771221512
771308692
771041145
770858010
770818804
770874814
771253825
771211544
771371776
770815450
771251352
770782193
771372109
771208745
